Vmax =  0.000280703 m3
Vmin =  1.6273e-05 m3
Vdis =  0.00026442999999999996 m3
Compression Ratio 17.249615928224664
IMEP =  13.419366607552165 bar
Indicated Power =  248.3938178424513 kW
Indicated Torque =  1185.9931182928187 N.m
ISFC =  0.2202953406622513
MeanNOX =  6.778345358016679e-05
StandardMeanNOX =  1.6623889233036184
MeanYsoot =  2.4900717234943074e-05
